((("RETURN_FIRST_MAX" .
   [0 0 1 0 0 0 0 0 0 0 0 0 0 0 0 0])
  ("BOOST_PP_REPEAT_FROM_TO" .
   [0 0 0 0 0 0 0 0 0 0 0 0 0 0 0 0 0 0 0 0 0 0 1])
  ("operator" .
   [1 0 0 2 0 0 0 0])
  ("BOOST_PP_ENUM_PARAMS" .
   [0 0 0 0 0 0 0 0 0 0 0 0 0 0 0 1 0 0 0 1])
  ("BOOST_PP_CAT" .
   [0 0 0 2 0 0 0 0 0 0 1 0])
  ("GEN" .
   [3 0 0])
  ("define" .
   [1 0 0 0 0 1])
  ("preprocessor" .
   [0 0 0 1 0 0 0 0 0 0 0 0])
  ("usr" .
   [1 0 0])
  ("len" .
   [1 0 0])
  ("push_back" .
   [0 0 0 0 1 0 0 0 0])
  ("1" .
   [1])
  ("v" .
   [1])
  ("which" .
   [1 0 0 1 0])
  ("get" .
   [3 0 0])
  ("variant" .
   [0 0 0 1 0 0 0])
  ("hpp" .
   [1 0 0])
  ("vector" .
   [0 0 1 2 1 0])
  ("read" .
   [1 0 0 0])
  ("out" .
   [1 0 0])
  ("random_seed" .
   [0 0 1 0 0 0 0 0 0 0 0])
  ("dot_product" .
   [0 0 1 0 0 0 0 0 0 0 0])
  ("allocatable" .
   [0 0 0 0 1 0 0 0 1 0 0])
  ("random_number" .
   [0 0 0 0 0 0 0 1 0 1 0 0 0])
  ("random" .
   [0 0 0 0 0 1])
  ("gauss_jordan" .
   [0 0 1 0 0 0 0 0 0 0 0 0])
  ("call" .
   [6 0 0 0])
  ("set_random_ab" .
   [1 0 0 0 1 0 0 0 0 0 0 0 0])
  ("allocate" .
   [1 0 0 2 0 0 0 3])
  ("subprogs" .
   [0 0 1 0 0 0 0 0])
  ("subroutine" .
   [0 0 0 0 0 0 0 0 0 1])
  ("enddo" .
   [0 0 0 5 0])
  ("endif" .
   [0 0 0 2 0])
  ("0d0" .
   [3 0 0])
  ("real" .
   [2 0 3 0])
  ("favorite?" .
   [1 0 0 0 0 0 0 0 0])
  ("res" .
   [1 0 0])
  ("urger_thread" .
   [0 0 0 0 0 0 0 0 1 0 0 0])
  ("on_input_was_done" .
   [1 0 0 0 0 0 0 0 0 0 0 0 0 0 0 0 0])
  ("cin" .
   [3 0 0])
  ("run" .
   [0 0 1])
  ("bind" .
   [1 0 0 0])
  ("condition" .
   [1 0 0 0 0 0 0 0 0])
  ("state_change" .
   [0 0 0 0 0 0 0 0 0 0 0 1])
  ("scoped_lock" .
   [0 0 0 1 0 0 0 0 0 0 0])
  ("stage_change" .
   [0 0 0 0 0 1 0 0 0 0 0 0])
  ("xtime" .
   [0 0 1 0 0])
  ("mutex" .
   [2 0 0 0 0])
  ("msg" .
   [0 0 1])
  ("message" .
   [0 0 0 0 0 0 2])
  ("end_flag" .
   [1 0 0 1 0 0 0 1])
  ("urger" .
   [0 0 3 0 1])
  ("public" .
   [0 0 0 0 0 1])
  ("stage_guard" .
   [0 0 0 1 0 0 0 0 0 0 2])
  ("class" .
   [2 0 0 2 0])
  ("boost" .
   [1 0 0 0 8])
  ("thread" .
   [0 0 0 1 0 1])
  ("e100" .
   [1 0 0 0])
  ("tg3" .
   [0 0 1])
  ("my_network_card" .
   [1 0 0 0 1 0 0 0 0 0 0 0 0 0 0])
  ("Card" .
   [1 0 0 0])
  ("e100_card" .
   [0 0 0 0 0 2 0 0 0])
  ("nikkei_linux" .
   [0 0 2 0 0 0 0 0 0 0 0 0])
  ("my_networc_card" .
   [0 0 1 0 0 1 0 0 0 0 0 0 0 0 2])
  ("tg3_card" .
   [1 0 0 1 1 0 0 0])
  ("my_pci_driver" .
   [0 0 2 0 0 0 0 0 0 0 0 0 1])
  ("250000" .
   [0 0 1 0 0 0])
  ("佐藤次郎" .
   [1 0 0 0])
  ("1235" .
   [1 0 0 0])
  ("200000" .
   [1 0 0 0 1 0])
  ("strcpy" .
   [1 0 0 0 4 4])
  ("1234" .
   [1 0 0 0])
  ("person" .
   [0 0 8 17 0 0])
  ("kyuyo" .
   [0 0 1 9 0])
  ("80" .
   [3 0])
  ("shimei" .
   [0 0 0 8 1 1])
  ("number" .
   [0 0 8 1 0 1])
  ("Jugyoin" .
   [0 0 4 0 0 0 0])
  ("player" .
   [0 0 0 1 1 2])
  ("bin" .
   [1 0 0])
  ("std" .
   [9 0 0])
  ("namespace" .
   [0 0 6 3 0 0 0 0 0])
  ("using" .
   [0 0 4 1 4])
  ("find" .
   [0 0 1 0])
  ("iterator" .
   [0 0 0 1 0 0 0 0])
  ("multset" .
   [0 0 0 0 0 0 1])
  ("erase" .
   [0 0 1 1 0])
  ("make_string" .
   [1 0 0 0 0 0 0 0 0 0 3])
  ("assert" .
   [0 0 2 3 0 0])
  ("inserter" .
   [0 0 0 0 0 0 0 1])
  ("copy" .
   [0 0 0 1])
  ("multiset1" .
   [2 0 0 0 0 0 0 0 6])
  ("multiset" .
   [0 0 1 0 0 0 0 3])
  ("list1" .
   [0 0 0 0 3])
  ("end" .
   [6 0 3])
  ("insert" .
   [0 0 0 0 0 1])
  ("begin" .
   [1 0 2 0 0])
  ("fuction" .
   [0 0 0 0 0 0 1])
  ("strlen" .
   [0 0 0 0 1 2])
  ("const" .
   [2 0 0 0 3])
  ("make" .
   [0 0 0 3])
  ("Container" .
   [0 0 6 1 0 0 0 0 0])
  ("typename" .
   [0 0 2 0 0 0 0 2])
  ("template" .
   [0 0 1 1 0 0 0 3])
  ("set" .
   [0 0 1])
  ("cstring" .
   [0 0 1 0 1 0 0])
  ("list" .
   [0 0 0 3])
  ("cassert" .
   [1 0 0 0 1 0 0])
  ("iostream" .
   [0 0 4 1 0 0 0 1])
  ("endl" .
   [5 0 4 9])
  ("num2" .
   [1 0 0 0])
  ("num1" .
   [4 0 1 0])
  ("cout" .
   [7 0 5 5])
  ("sum" .
   [1 0 1])
  ("double" .
   [1 0 3 1 0 0])
  ("long" .
   [0 0 2 1])
  ("complex" .
   [0 0 1 1 0 0 1])
  ("second" .
   [0 0 1 0 0 0])
  ("first" .
   [0 0 1 0 0])
  ("str" .
   [1 0 1])
  ("malloc" .
   [0 0 2 1 0 5])
  ("EOF" .
   [2 0 3])
  ("NULL" .
   [0 0 6 0])
  ("return" .
   [1 0 6 1 3 10])
  ("pointer" .
   [1 0 20 1 1 0 0])
  ("while" .
   [0 0 0 10 0])
  ("head" .
   [1 0 21 0])
  ("tel" .
   [0 0 10])
  ("name" .
   [1 0 14 1])
  ("scanf" .
   [1 0 5 1 0])
  ("printf" .
   [0 0 1 11 0 0])
  ("talloc" .
   [1 0 10 1 0 2])
  ("key" .
   [10 0 6])
  ("link" .
   [0 0 4 0])
  ("displist" .
   [0 0 6 4 0 0 0 0])
  ("genlist" .
   [0 0 7 0 0 0 0])
  ("void" .
   [33 0 12 12])
  ("tfield" .
   [0 0 25 1 0 0])
  ("struct" .
   [3 0 1 5 2 36])
  ("char" .
   [7 0 13 10])
  ("include" .
   [1 1 1 18 0 0 21])
  ("int" .
   [24 0 1])
  ("stdio" .
   [0 0 0 4 2])
  ("string" .
   [6 0 1 0 0 2])
  ("20" .
   [5 0])
  ("main" .
   [8 0 0 2])
  ("del" .
   [0 0 2])
  ("if" .
   [5 0])
  ("strcmp" .
   [0 0 0 0 0 1])
  ("else" .
   [3 0 1 0])
  ("old" .
   [3 0 0])
  ("sizeof" .
   [1 0 1 1 0 0])
  ("stack" .
   [0 0 0 2 0])
  ("50" .
   [3 0])
  ("polish" .
   [0 0 1 0 0 0])
  ("pri" .
   [10 0 0])
  ("256" .
   [1 0 0])
  ("sp1" .
   [2 0 0])
  ("sp2" .
   [2 0 0])
  ("for" .
   [3 0 0])
  ("255" .
   [1 0 0])
  ("tnode" .
   [0 0 0 8 0])
  ("right" .
   [0 0 2 0 0])
  ("left" .
   [0 0 1 0])
  ("12" .
   [2 0])
  ("dat" .
   [1 0 0])
  ("root" .
   [1 0 0 0])
  ("Gst" .
   [1 0 0])
  ("mikutter" .
   [0 0 1 0 0 0 0 0])
  ("svn" .
   [1 0 0])
  ("echo" .
   [1 0 0 0])
  ("Kaisha" .
   [0 0 0 1 0 0])
  ("gihyo" .
   [2 0 12 1 1])
  ("kigyoumei" .
   [0 0 2 0 0 0 0 0 0])
  ("split" .
   [1 0 1 1 0])
  ("This" .
   [1 0 0 0])
  ("is_space" .
   [0 0 0 0 1 0 0 1])
  ("join" .
   [1 0 1 1])
  ("case" .
   [1 0 0 0])
  ("HDC" .
   [1 0 0])
  ("hdc" .
   [3 0 0])
  ("PAINTSTRUCT" .
   [0 0 0 0 0 1 0 0 0 0 0])
  ("ps" .
   [3 0])
  ("hWnd" .
   [1 0 1 0])
  ("nY" .
   [5 0])
  ("nX" .
   [6 0])
  ("0xFF" .
   [1 0 0 0])
  ("color" .
   [0 0 0 0 2])
  ("module" .
   [1 0 0 0 0 0])
  ("implicit" .
   [0 0 1 2 0 0 0 0])
  ("none" .
   [0 0 0 2])
  ("contains" .
   [0 0 1 0 0 0 0 0])
  ("function" .
   [1 0 0 0 0 0 0 0])
  ("result" .
   [0 0 0 0 0 1])
  ("intent" .
   [1 0 1 0 0 5])
  ("integer" .
   [3 0 0 1 1 0 1])
  ("in" .
   [1 0])
  ("then" .
   [3 0 0 0])
  ("factorial" .
   [0 0 0 0 0 0 0 0 2])
  ("program" .
   [0 0 0 1 0 0 0])
  ("recursive" .
   [0 0 1 0 0 0 0 0 0])
  ("math_subprogs" .
   [0 0 1 0 0 0 0 0 0 0 0 0 0])
  ("write" .
   [8 0 1 1 0])
  ("hello" .
   [1 0 0 0 0])
  ("foreach" .
   [0 0 0 1 0 0 0])
  ("crc" .
   [0 0 2])
  ("crc_basic" .
   [0 0 0 0 0 0 1 0 1])
  ("crc_calc" .
   [1 0 0 0 0 1 0 4])
  ("process_bytes" .
   [0 0 0 1 0 0 0 0 0 0 0 0 0])
  ("process_bit" .
   [0 0 0 0 0 0 0 0 0 0 3])
  ("0x" .
   [1 0])
  ("hex" .
   [1 0 0])
  ("static_cast" .
   [0 0 0 1 0 0 0 0 0 0 0])
  ("unsigned" .
   [0 0 0 1 0 0 0 0])
  ("logfile" .
   [0 0 1 0 0 0 0])
  ("checksum" .
   [1 0 0 0 0 0 0 1])
  ("querybox" .
   [0 0 0 0 0 0 0 1])
  ("linux-pc" .
   [0 0 0 0 0 1 0 0])
  ("true" .
   [1 0 0 0])
  ("quantity" .
   [1 0 0 7 0 0 0 0])
  ("value" .
   [0 0 1 0 1])
  ("float" .
   [1 0 0 2 1])
  ("length" .
   [0 0 0 2 0 2])
  ("0f" .
   [2 0])
  ("len1" .
   [2 0 0 0])
  ("len2" .
   [2 0 0 0])
  ("mass" .
   [1 0 0 0])
  ("i" .
   [1])
  ("stime" .
   [1 0 0 0 0])
  ("text" .
   [0 0 0 1])
  ("to_i" .
   [1 0 0 0])
  ("favs" .
   [1 0 0 0])))
